11,107
11,106
0,501
0,493
0,484
0,477
0,476
0,473
0,388
37,3
37,2
37,1
37,0
0,317
11,105
0,309
0,491
13,75
0,301
0,296
0,295
0,294
0,293
0,383
36,52
36,51
36,50
36,49
36,48
36,47
36,46
36,45
36,44
36,43
36,42
36,41
36,40
36,39
36,38
36,37
0,382
0,380
13,74
0,379
0,378
0,377
0,375
13,73
0,374
13,72
13,71
0,372
13,70
0,368
13,69
0,365
0,364
0,363
0,362
36,36
0,361
0,360
0,358
13,68
13,67
0,353
0,352
0,303
13,66
13,65
13,64
0,351
0,350
0,349
0,348
0,482
0,322
0,346
0,338
0,408
0,511
9,2
9,3
3,5
3,4
3,2
3,1
3,3
2,6
2,5
2,4
2,2
2,1
2,3
7,4
7,2
7,1
7,3
6,5
6,4
6,2
6,1
6,3
36,35
11,89
11,88
11,87
11,86
11,85
11,84
11,83
11,82
11,81
11,80
11,98
11,97
11,94
11,90
11,93
11,92
11,91
11,96
11,95
35,3
35,2
35,1
35,0
28,5
28,4
28,3
28,2
28,1
13,39
13,38
13,37
13,36
13,35
13,34
13,33
13,32
13,31
13,30
13,29
13,28
13,27
13,26
